//space
0000000
0000000
0000000
0000000
0000000
0000000
0000000
0000000
0000000
//!
0002000
0021200
0021200
0021200
0021200
0021200
0002000
0021200
0002000
//"
0020200
0212120
0212120
2121200
0202000
0000000
0000000
0000000
0000000
//#
0020200
0212120
2111112
0210120
0210120
0210120
2111112
0212120
0020200
//$
0021200
0211120
2121212
2121200
0211120
0021212
2121212
0211120
0021200
//%
0220000
2112020
2112212
0222120
0021200
0212220
2122112
0202112
0000220
//&
0000000
0022000
0211200
2122120
0211120
2122212
2122112
0211112
0022220
//'
0020000
0212000
0212000
2120000
0200000
0000000
0000000
0000000
0000000
//(
0000200
0002120
0021200
0021200
0021200
0021200
0021200
0002120
0000200
//)
0020000
0212000
0021200
0021200
0021200
0021200
0021200
0212000
0020000
//*
0000000
0202020
2121212
0211120
2111112
0211120
2121212
0202020
0000000
//+
0000000
0002000
0021200
0221220
2111112
0221220
0021200
0002000
0000000
//,
0000000
0000000
0000000
0000000
0000000
0002000
0021200
0212000
0020000
//-
0000000
0000000
0000000
0222220
2111112
0222220
0000000
0000000
0000000
//.
0000000
0000000
0000000
0000000
0000000
0000000
0002000
0021200
0002000
// /
0000020
0000212
0002120
0002120
0021200
0212000
0212000
2120000
0200000
//0
0022200
0211120
2122212
2112212
2121212
2122112
2122212
0211120
0022200
//1
0002000
0021200
0211200
0021200
0021200
0021200
0021200
0211120
0022200
//2
0022200
0211120
2122212
0200212
0002120
0021200
0212220
2111112
0222220
//3
0022200
0211120
2122212
0202212
0021120
0202212
2122212
0211120
0022200
//4
0000200
0002120
0021120
0212120
2122120
2111112
0222120
0002120
0000200
//5
0222220
2111112
2122220
2122200
2111120
0222212
0222212
2111120
0222200
//6
0022200
0211120
2122212
2122220
2111120
2122212
2122212
0211120
0022200
//7
0222220
2111112
0222212
0002120
0021200
0021200
0021200
0021200
0002000
//8
0022200
0211120
2122212
2122212
0211120
2122212
2122212
0211120
0022200
//9
0022200
0211120
2122212
2122212
0211112
0222212
2122212
0211120
0022200
//:
0000000
0000000
0002000
0021200
0002000
0002000
0021200
0002000
0000000
//;
0000000
0000000
0002000
0021200
0002000
0002000
0021200
0212000
0020000
//<
0000020
0000212
0002120
0021200
0212000
0021200
0002120
0000212
0000020
//=
0000000
0000000
0222220
2111112
0222220
2111112
0222220
0000000
0000000
//>
0200000
2120000
0212000
0021200
0002120
0021200
0212000
2120000
0200000
//?
0022200
0211120
2122212
0000212
0002120
0021200
0002000
0021200
0002000
//@
0022200
0211120
2122212
2122112
2121212
2122112
2122200
0211120
0022200
//A
0022200
0211120
2122212
2122212
2111112
2122212
2120212
2120212
0200020
//B
0222200
2111120
2122212
2122212
2111120
2122212
2122212
2111120
0222200
//C
0022200
0211120
2122212
2120020
2120000
2120020
2122212
0211120
0022200
//D
0222200
2111120
2122212
2120212
2120212
2120212
2122212
2111120
0222200
//E
0222220
2111112
2122220
2122200
2111120
2122200
2122220
2111112
0222220
//F
0222220
2111112
2122220
2122200
2111120
2122200
2120000
2120000
0200000
//G
0022200
0211120
2122212
2122220
2121112
2122212
2122212
0211120
0022200
//H
0200020
2120212
2120212
2122212
2111112
2122212
2120212
2120212
0200020
//I
0022200
0211120
0021200
0021200
0021200
0021200
0021200
0211120
0022200
//J
0022220
0211112
0022212
0000212
0000212
0200212
2122212
0211120
0022200
//K
0200020
2120212
2120212
2122120
2111200
2122120
2120212
2120212
0200020
//L
0200000
2120000
2120000
2120000
2120000
2120000
2122220
2111112
0222220
//M
0200020
2120212
2112112
2121212
2120212
2120212
2120212
2120212
0200020
//N
0200020
2120212
2120212
2112212
2121212
2122112
2120212
2120212
0200020
//O
0022200
0211120
2122212
2122212
2122212
2122212
2122212
0211120
0022200
//P
0222200
2111120
2122212
2122212
2111120
2122200
2120000
2120000
0200000
//Q
0022200
0211120
2122212
2122212
2122212
2121212
2122112
0211112
0022220
//R
0222200
2111120
2122212
2122212
2111120
2122212
2120212
2120212
0200020
//S
0022200
0211120
2122212
2122200
0211120
0222212
2122212
0211120
0022200
//T
0222220
2111112
0221220
0021200
0021200
0021200
0021200
0021200
0002000
//U
0200020
2120212
2120212
2120212
2120212
2120212
2122212
0211120
0022200
//V
0200020
2120212
2120212
2120212
2120212
2120212
0212120
0021200
0002000
//W
0200020
2120212
2120212
2120212
2120212
2121212
2112112
2120212
0200020
//X
0200020
2120212
2120212
0212120
0021200
0212120
2120212
2120212
0200020
//Y
0200020
2120212
2120212
0212120
0021200
0021200
0021200
0021200
0002000
//Z
0222220
2111112
0222212
0002120
0021200
0212000
2122220
2111112
0222220
//[
0002200
0021120
0021200
0021200
0021200
0021200
0021200
0021120
0002200
// \
0200000
2120000
0212000
0212000
0021200
0002120
0002120
0000212
0000020
//]
0022000
0211200
0021200
0021200
0021200
0021200
0021200
0211200
0022000
//^
0002000
0021200
0212120
2120212
0200020
0000000
0000000
0000000
0000000
//_
0000000
0000000
0000000
0000000
0000000
0000000
0222220
2111112
0222220
//`
0020000
0212000
0212000
0021200
0002000
0000000
0000000
0000000
0000000
//a
0000000
0000000
0022000
0211200
2122120
2122120
2122120
0211212
0022020
//b
0000000
0200000
2120000
2122000
2111200
2122120
2122120
2111200
0222000
//c
0000000
0000000
0022000
0211200
2122120
2122200
2122120
0211200
0022000
//d
0000000
0000200
0002120
0022120
0211120
2122120
2122120
0211120
0022200
//e
0000000
0000000
0022000
0211200
2122120
2111120
2122200
0211120
0022200
//f
0000000
0002200
0021120
0212200
0212200
0211120
0212200
0212000
0020000
//g
0000000
0022000
0211200
2122120
2122120
0211120
0222120
2111200
0222000
//h
0000000
0200000
2120000
2122000
2111200
2122120
2122120
2122120
0200200
//i
0000000
0002000
0021200
0002000
0021200
0021200
0021200
0021200
0002000
//j
0000200
0002120
0000200
0002120
0002120
0202120
2122120
0211200
0022000
//k
0000000
0200000
2120200
2122120
2121200
2112000
2121200
2122120
0200200
//l
0000000
0002000
0021200
0021200
0021200
0021200
0021200
0021200
0002000
//m
0000000
0000000
0020200
0212120
2121212
2120212
2120212
2120212
0200020
//n
0000000
0000000
0202000
2121200
2112120
2122120
2122120
2122120
0200200
//o
0000000
0000000
0022000
0211200
2122120
2122120
2122120
0211200
0022000
//p
0000000
0222000
2111200
2122120
2122120
2111200
2122000
2120000
0200000
//q
0000000
0002220
0021112
0212212
0212212
0021112
0002212
0000212
0000020
//r
0000000
0000000
0202200
2121120
2112200
2120000
2120000
2120000
0200000
//s
0000000
0022000
0211200
2122120
0212200
0021200
2122120
0211200
0022000
//t
0000000
0020000
0212000
0212200
0211120
0212200
0212200
0021120
0002200
//u
0000000
0000000
0200020
2120212
2120212
2120212
2122212
0211100
0022200
//v
0000000
0000000
0200020
2120212
2120212
2120212
0212120
0021200
0002000
//w
0000000
0000000
0200020
2120212
2120212
2122212
2121212
0212120
0002000
//x
0000000
0000000
0200020
2120212
0212120
0021200
0212120
2120212
0200020
//y
0000000
0200020
2120212
0212120
0021200
0021200
0021200
0021200
0002000
//z
0000000
0000000
0222220
2111112
0222120
0021200
0212220
2111112
0222220
//{
0000200
0002120
0021200
0021200
0211200
0021200
0021200
0002120
0000200
// |
0002000
0021200
0021200
0021200
0021200
0021200
0021200
0021200
0002000
//}
0020000
0212000
0021200
0021200
0021120
0021200
0021200
0212000
0020000
//~
0000000
0000000
0020000
0212020
2121212
0202120
0000200
0000000
0000000